50 5 1 29610
50 5 2 27936
50 5 3 26923
50 5 4 26606
50 5 5 25155
50 5 6 25297
50 5 7 25074
50 5 8 24932
50 5 9 25480
50 5 10 23197
50 5 11 22680
50 5 12 22972
50 5 13 23507
50 5 14 21051
50 5 15 23832
50 5 16 23598
50 5 17 21583
50 5 18 23755
50 5 19 23947
50 5 20 23553
50 5 21 20942
50 5 22 22070
50 5 23 21334
50 5 24 22342
50 5 25 21710
50 5 26 21959
50 5 27 21436
50 5 28 22692
50 5 29 22058
50 5 30 23031
50 10 1 31219
50 10 2 30204
50 10 3 28121
50 10 4 27667
50 10 5 27327
50 10 6 27064
50 10 7 27442
50 10 8 25281
50 10 9 25349
50 10 10 25124
50 10 11 24309
50 10 12 22493
50 10 13 24363
50 10 14 23944
50 10 15 23518
50 10 16 23880
50 10 17 23103
50 10 18 23061
50 10 19 22628
50 10 20 23458
50 10 21 21980
50 10 22 23421
50 10 23 24511
50 10 24 22161
50 10 25 22052
50 10 26 22481
50 10 27 22486
50 10 28 23528
50 10 29 21833
50 10 30 22463
50 15 1 31527
50 15 2 30821
50 15 3 29674
50 15 4 28871
50 15 5 27636
50 15 6 26509
50 15 7 27152
50 15 8 25568
50 15 9 26487
50 15 10 24843
50 15 11 25185
50 15 12 22348
50 15 13 23218
50 15 14 25890
50 15 15 23249
50 15 16 23977
50 15 17 23223
50 15 18 23927
50 15 19 23665
50 15 20 24426
50 15 21 22211
50 15 22 23558
50 15 23 22359
50 15 24 22126
50 15 25 24410
50 15 26 24373
50 15 27 22644
50 15 28 23221
50 15 29 22520
50 15 30 20822
50 20 1 31465
50 20 2 30527
50 20 3 29844
50 20 4 28608
50 20 5 27564
50 20 6 27954
50 20 7 26930
50 20 8 27141
50 20 9 26498
50 20 10 26264
50 20 11 24597
50 20 12 25666
50 20 13 23745
50 20 14 25331
50 20 15 24638
50 20 16 23724
50 20 17 24837
50 20 18 23887
50 20 19 24565
50 20 20 23480
50 20 21 22993
50 20 22 23487
50 20 23 23001
50 20 24 23162
50 20 25 22490
50 20 26 23301
50 20 27 22136
50 20 28 23257
50 20 29 23761
50 20 30 23078
50 25 1 31393
50 25 2 30827
50 25 3 29393
50 25 4 29054
50 25 5 27951
50 25 6 28047
50 25 7 27151
50 25 8 25871
50 25 9 26303
50 25 10 26268
50 25 11 25689
50 25 12 25753
50 25 13 24209
50 25 14 24568
50 25 15 24392
50 25 16 24278
50 25 17 23694
50 25 18 24208
50 25 19 24879
50 25 20 24546
50 25 21 24822
50 25 22 22770
50 25 23 22407
50 25 24 22530
50 25 25 23738
50 25 26 24017
50 25 27 23129
50 25 28 22855
50 25 29 22124
50 25 30 22079
50 30 1 31527
50 30 2 31234
50 30 3 30045
50 30 4 28424
50 30 5 29523
50 30 6 27699
50 30 7 27839
50 30 8 27105
50 30 9 27100
50 30 10 25743
50 30 11 25486
50 30 12 26245
50 30 13 25475
50 30 14 24804
50 30 15 24846
50 30 16 24787
50 30 17 23823
50 30 18 24472
50 30 19 23627
50 30 20 23101
50 30 21 23030
50 30 22 23143
50 30 23 24000
50 30 24 25056
50 30 25 21951
50 30 26 22648
50 30 27 22619
50 30 28 23938
50 30 29 24014
50 30 30 22084
50 35 1 31320
50 35 2 31151
50 35 3 30371
50 35 4 28824
50 35 5 28501
50 35 6 27693
50 35 7 28618
50 35 8 27295
50 35 9 26642
50 35 10 27124
50 35 11 26851
50 35 12 24755
50 35 13 25509
50 35 14 26332
50 35 15 25723
50 35 16 24906
50 35 17 25142
50 35 18 23347
50 35 19 23895
50 35 20 23715
50 35 21 24710
50 35 22 25859
50 35 23 22398
50 35 24 25586
50 35 25 22555
50 35 26 23690
50 35 27 22979
50 35 28 24536
50 35 29 22395
50 35 30 23550
50 40 1 31191
50 40 2 31300
50 40 3 29421
50 40 4 29540
50 40 5 27189
50 40 6 26316
50 40 7 26890
50 40 8 26643
50 40 9 25958
50 40 10 26702
50 40 11 26145
50 40 12 26075
50 40 13 26299
50 40 14 23996
50 40 15 25112
50 40 16 24560
50 40 17 23509
50 40 18 24832
50 40 19 23468
50 40 20 24713
50 40 21 22461
50 40 22 23297
50 40 23 23171
50 40 24 25006
50 40 25 22916
50 40 26 25256
50 40 27 21399
50 40 28 22963
50 40 29 25366
50 40 30 22185
50 45 1 31203
50 45 2 31265
50 45 3 30766
50 45 4 29973
50 45 5 28691
50 45 6 26774
50 45 7 27637
50 45 8 26901
50 45 9 26540
50 45 10 25311
50 45 11 26495
50 45 12 27167
50 45 13 24267
50 45 14 24993
50 45 15 25512
50 45 16 24366
50 45 17 24751
50 45 18 24674
50 45 19 24325
50 45 20 23976
50 45 21 25326
50 45 22 22924
50 45 23 23402
50 45 24 23800
50 45 25 22610
50 45 26 24002
50 45 27 22827
50 45 28 22673
50 45 29 22114
50 45 30 22648
50 50 1 31527
50 50 2 31087
50 50 3 30400
50 50 4 30536
50 50 5 29461
50 50 6 28686
50 50 7 27992
50 50 8 28944
50 50 9 27173
50 50 10 27191
50 50 11 26332
50 50 12 25019
50 50 13 27102
50 50 14 27075
50 50 15 25843
50 50 16 25452
50 50 17 25819
50 50 18 24496
50 50 19 24719
50 50 20 24906
50 50 21 25136
50 50 22 23249
50 50 23 23986
50 50 24 23590
50 50 25 24516
50 50 26 24173
50 50 27 23706
50 50 28 21911
50 50 29 22678
50 50 30 22042
100 5 1 31096
100 5 2 29955
100 5 3 29045
100 5 4 27610
100 5 5 27038
100 5 6 25914
100 5 7 26175
100 5 8 25872
100 5 9 24923
100 5 10 26180
100 5 11 24190
100 5 12 24799
100 5 13 24589
100 5 14 25224
100 5 15 24110
100 5 16 24290
100 5 17 24124
100 5 18 22900
100 5 19 23378
100 5 20 24135
100 5 21 23826
100 5 22 22765
100 5 23 23387
100 5 24 23291
100 5 25 22853
100 5 26 22717
100 5 27 22931
100 5 28 23368
100 5 29 22902
100 5 30 22462
100 10 1 31465
100 10 2 30890
100 10 3 29800
100 10 4 29124
100 10 5 27376
100 10 6 26984
100 10 7 27213
100 10 8 27128
100 10 9 25518
100 10 10 25046
100 10 11 25536
100 10 12 25748
100 10 13 24809
100 10 14 25307
100 10 15 24226
100 10 16 24551
100 10 17 23441
100 10 18 24363
100 10 19 22731
100 10 20 23525
100 10 21 23991
100 10 22 23931
100 10 23 24109
100 10 24 23311
100 10 25 23916
100 10 26 23852
100 10 27 23544
100 10 28 23118
100 10 29 22642
100 10 30 24599
100 15 1 31527
100 15 2 31303
100 15 3 29762
100 15 4 29146
100 15 5 29189
100 15 6 27843
100 15 7 27102
100 15 8 27080
100 15 9 25764
100 15 10 26415
100 15 11 26286
100 15 12 25711
100 15 13 25478
100 15 14 25541
100 15 15 26185
100 15 16 25594
100 15 17 25408
100 15 18 24685
100 15 19 23606
100 15 20 23322
100 15 21 24378
100 15 22 24342
100 15 23 24216
100 15 24 23145
100 15 25 24395
100 15 26 24291
100 15 27 23160
100 15 28 22791
100 15 29 22369
100 15 30 22965
100 20 1 31369
100 20 2 31136
100 20 3 30346
100 20 4 29770
100 20 5 28713
100 20 6 27470
100 20 7 28223
100 20 8 26793
100 20 9 26475
100 20 10 26574
100 20 11 25548
100 20 12 25714
100 20 13 26724
100 20 14 25070
100 20 15 25052
100 20 16 24860
100 20 17 24331
100 20 18 24630
100 20 19 25348
100 20 20 24716
100 20 21 23984
100 20 22 24907
100 20 23 23753
100 20 24 25586
100 20 25 24075
100 20 26 24109
100 20 27 24092
100 20 28 23287
100 20 29 23742
100 20 30 23046
100 25 1 31527
100 25 2 31308
100 25 3 30406
100 25 4 29834
100 25 5 29132
100 25 6 28669
100 25 7 28009
100 25 8 27252
100 25 9 27793
100 25 10 25743
100 25 11 25371
100 25 12 25585
100 25 13 26671
100 25 14 24671
100 25 15 25309
100 25 16 24366
100 25 17 26502
100 25 18 25983
100 25 19 23883
100 25 20 24728
100 25 21 24341
100 25 22 24077
100 25 23 23224
100 25 24 22001
100 25 25 23120
100 25 26 24912
100 25 27 22151
100 25 28 23613
100 25 29 23318
100 25 30 24132
100 30 1 31527
100 30 2 31527
100 30 3 30604
100 30 4 29869
100 30 5 29056
100 30 6 28157
100 30 7 28278
100 30 8 28621
100 30 9 26049
100 30 10 27127
100 30 11 27794
100 30 12 24961
100 30 13 26486
100 30 14 25254
100 30 15 24958
100 30 16 25786
100 30 17 25539
100 30 18 25469
100 30 19 25063
100 30 20 24907
100 30 21 23262
100 30 22 24677
100 30 23 25134
100 30 24 23228
100 30 25 25085
100 30 26 23188
100 30 27 24038
100 30 28 23265
100 30 29 24460
100 30 30 23330
100 35 1 31465
100 35 2 31320
100 35 3 30881
100 35 4 29974
100 35 5 29815
100 35 6 28039
100 35 7 28418
100 35 8 28033
100 35 9 26960
100 35 10 28202
100 35 11 26213
100 35 12 25618
100 35 13 26623
100 35 14 26333
100 35 15 25389
100 35 16 26182
100 35 17 23642
100 35 18 25082
100 35 19 24968
100 35 20 24720
100 35 21 24225
100 35 22 24700
100 35 23 24117
100 35 24 23239
100 35 25 23789
100 35 26 22869
100 35 27 22949
100 35 28 23687
100 35 29 24235
100 35 30 22570
100 40 1 31527
100 40 2 31382
100 40 3 31125
100 40 4 29770
100 40 5 29553
100 40 6 28782
100 40 7 27674
100 40 8 28920
100 40 9 28143
100 40 10 26849
100 40 11 26122
100 40 12 25536
100 40 13 26238
100 40 14 24283
100 40 15 26587
100 40 16 25137
100 40 17 25278
100 40 18 24918
100 40 19 23865
100 40 20 24676
100 40 21 24598
100 40 22 24366
100 40 23 23359
100 40 24 23762
100 40 25 22826
100 40 26 25063
100 40 27 23973
100 40 28 22714
100 40 29 24001
100 40 30 23684
100 45 1 31465
100 45 2 31465
100 45 3 30956
100 45 4 29696
100 45 5 30223
100 45 6 29258
100 45 7 28452
100 45 8 28747
100 45 9 28280
100 45 10 27610
100 45 11 25713
100 45 12 27263
100 45 13 25765
100 45 14 27611
100 45 15 25970
100 45 16 25826
100 45 17 26630
100 45 18 24905
100 45 19 24740
100 45 20 23181
100 45 21 24280
100 45 22 25710
100 45 23 24548
100 45 24 24038
100 45 25 24065
100 45 26 22681
100 45 27 23697
100 45 28 25131
100 45 29 23939
100 45 30 23058
100 50 1 31277
100 50 2 31394
100 50 3 31191
100 50 4 30018
100 50 5 28905
100 50 6 27978
100 50 7 28820
100 50 8 28207
100 50 9 28096
100 50 10 27998
100 50 11 26958
100 50 12 27126
100 50 13 25947
100 50 14 25326
100 50 15 25083
100 50 16 25289
100 50 17 24805
100 50 18 25835
100 50 19 26109
100 50 20 25243
100 50 21 24230
100 50 22 25045
100 50 23 24723
100 50 24 23620
100 50 25 24017
100 50 26 24556
100 50 27 24229
100 50 28 23787
100 50 29 24699
100 50 30 23138
150 5 1 31418
150 5 2 29203
150 5 3 28213
150 5 4 26584
150 5 5 26969
150 5 6 26885
150 5 7 25226
150 5 8 25720
150 5 9 24920
150 5 10 25997
150 5 11 25765
150 5 12 24896
150 5 13 24243
150 5 14 24219
150 5 15 24075
150 5 16 24668
150 5 17 24184
150 5 18 22591
150 5 19 24385
150 5 20 22887
150 5 21 22800
150 5 22 23228
150 5 23 23479
150 5 24 23552
150 5 25 23624
150 5 26 22134
150 5 27 22632
150 5 28 23768
150 5 29 22621
150 5 30 23986
150 10 1 31465
150 10 2 30867
150 10 3 29967
150 10 4 28774
150 10 5 28204
150 10 6 26777
150 10 7 27249
150 10 8 27555
150 10 9 26448
150 10 10 26810
150 10 11 26813
150 10 12 24353
150 10 13 26368
150 10 14 25156
150 10 15 25350
150 10 16 24067
150 10 17 25358
150 10 18 23867
150 10 19 24426
150 10 20 23585
150 10 21 23335
150 10 22 24408
150 10 23 24413
150 10 24 24044
150 10 25 23142
150 10 26 23830
150 10 27 23993
150 10 28 24289
150 10 29 23998
150 10 30 22735
150 15 1 31242
150 15 2 31170
150 15 3 29783
150 15 4 29579
150 15 5 28807
150 15 6 27567
150 15 7 27206
150 15 8 27070
150 15 9 26736
150 15 10 26798
150 15 11 25820
150 15 12 25346
150 15 13 25620
150 15 14 25488
150 15 15 25234
150 15 16 24565
150 15 17 25420
150 15 18 24121
150 15 19 25189
150 15 20 23916
150 15 21 24032
150 15 22 24430
150 15 23 23253
150 15 24 24692
150 15 25 24081
150 15 26 24135
150 15 27 22731
150 15 28 23535
150 15 29 23431
150 15 30 23986
150 20 1 31320
150 20 2 31382
150 20 3 30392
150 20 4 30718
150 20 5 29576
150 20 6 27699
150 20 7 27900
150 20 8 27205
150 20 9 27058
150 20 10 26156
150 20 11 26331
150 20 12 26481
150 20 13 26284
150 20 14 24838
150 20 15 25303
150 20 16 26528
150 20 17 25127
150 20 18 25285
150 20 19 24314
150 20 20 24117
150 20 21 24478
150 20 22 24028
150 20 23 24065
150 20 24 24009
150 20 25 23852
150 20 26 23172
150 20 27 23943
150 20 28 24870
150 20 29 23489
150 20 30 23709
150 25 1 31285
150 25 2 31393
150 25 3 30530
150 25 4 29708
150 25 5 29768
150 25 6 28863
150 25 7 28562
150 25 8 27411
150 25 9 27125
150 25 10 26691
150 25 11 26675
150 25 12 26374
150 25 13 26936
150 25 14 26457
150 25 15 25351
150 25 16 25338
150 25 17 25089
150 25 18 25228
150 25 19 26093
150 25 20 24309
150 25 21 25305
150 25 22 24469
150 25 23 24647
150 25 24 24055
150 25 25 23566
150 25 26 24078
150 25 27 23600
150 25 28 23577
150 25 29 24272
150 25 30 24424
150 30 1 31527
150 30 2 31393
150 30 3 31128
150 30 4 30053
150 30 5 29270
150 30 6 29677
150 30 7 27603
150 30 8 28689
150 30 9 28683
150 30 10 27599
150 30 11 25863
150 30 12 27426
150 30 13 26130
150 30 14 25779
150 30 15 25402
150 30 16 25899
150 30 17 25024
150 30 18 24484
150 30 19 24430
150 30 20 24999
150 30 21 25421
150 30 22 24937
150 30 23 23678
150 30 24 24895
150 30 25 24722
150 30 26 23772
150 30 27 24184
150 30 28 22579
150 30 29 23488
150 30 30 24477
150 35 1 31527
150 35 2 31527
150 35 3 30893
150 35 4 30589
150 35 5 29398
150 35 6 28602
150 35 7 28465
150 35 8 29555
150 35 9 27484
150 35 10 27620
150 35 11 26107
150 35 12 25798
150 35 13 26222
150 35 14 26164
150 35 15 25719
150 35 16 25495
150 35 17 26041
150 35 18 25002
150 35 19 25250
150 35 20 24579
150 35 21 24390
150 35 22 23891
150 35 23 24958
150 35 24 24052
150 35 25 23185
150 35 26 24355
150 35 27 24183
150 35 28 23016
150 35 29 24801
150 35 30 22775
150 40 1 31527
150 40 2 31382
150 40 3 30410
150 40 4 30241
150 40 5 29504
150 40 6 28911
150 40 7 29033
150 40 8 28040
150 40 9 27940
150 40 10 27829
150 40 11 26639
150 40 12 27087
150 40 13 25305
150 40 14 25869
150 40 15 26306
150 40 16 26357
150 40 17 24846
150 40 18 26663
150 40 19 23898
150 40 20 26009
150 40 21 24221
150 40 22 24572
150 40 23 24249
150 40 24 25334
150 40 25 24945
150 40 26 24633
150 40 27 25362
150 40 28 24539
150 40 29 23565
150 40 30 23817
150 45 1 31369
150 45 2 31527
150 45 3 31106
150 45 4 30764
150 45 5 30063
150 45 6 29290
150 45 7 29105
150 45 8 28248
150 45 9 26391
150 45 10 27550
150 45 11 26080
150 45 12 26210
150 45 13 27926
150 45 14 25070
150 45 15 27705
150 45 16 26491
150 45 17 26689
150 45 18 25806
150 45 19 25553
150 45 20 24913
150 45 21 24248
150 45 22 24440
150 45 23 24519
150 45 24 24502
150 45 25 23491
150 45 26 24144
150 45 27 23696
150 45 28 23818
150 45 29 23352
150 45 30 23478
150 50 1 31465
150 50 2 31527
150 50 3 30837
150 50 4 30273
150 50 5 29541
150 50 6 28808
150 50 7 28376
150 50 8 28558
150 50 9 27300
150 50 10 26892
150 50 11 27108
150 50 12 25851
150 50 13 27278
150 50 14 25060
150 50 15 27151
150 50 16 24798
150 50 17 24463
150 50 18 27358
150 50 19 25381
150 50 20 24161
150 50 21 25207
150 50 22 24631
150 50 23 24539
150 50 24 23779
150 50 25 23722
150 50 26 23899
150 50 27 22808
150 50 28 24532
150 50 29 23797
150 50 30 24541
200 5 1 30705
200 5 2 29479
200 5 3 28813
200 5 4 27339
200 5 5 26800
200 5 6 25864
200 5 7 26611
200 5 8 26949
200 5 9 25647
200 5 10 26255
200 5 11 24629
200 5 12 25201
200 5 13 24016
200 5 14 24518
200 5 15 25083
200 5 16 23687
200 5 17 24654
200 5 18 23990
200 5 19 23504
200 5 20 23741
200 5 21 22986
200 5 22 23417
200 5 23 23671
200 5 24 22988
200 5 25 23986
200 5 26 23928
200 5 27 23798
200 5 28 23459
200 5 29 22354
200 5 30 22758
200 10 1 31285
200 10 2 30513
200 10 3 30169
200 10 4 29240
200 10 5 27229
200 10 6 28106
200 10 7 27636
200 10 8 26401
200 10 9 26440
200 10 10 26110
200 10 11 26332
200 10 12 27365
200 10 13 24874
200 10 14 25517
200 10 15 24726
200 10 16 25938
200 10 17 24978
200 10 18 23573
200 10 19 24606
200 10 20 24162
200 10 21 25188
200 10 22 24096
200 10 23 23752
200 10 24 26416
200 10 25 23897
200 10 26 23225
200 10 27 25146
200 10 28 23255
200 10 29 24329
200 10 30 23605
200 15 1 31527
200 15 2 31009
200 15 3 30781
200 15 4 28743
200 15 5 28909
200 15 6 28737
200 15 7 27363
200 15 8 26457
200 15 9 27509
200 15 10 26860
200 15 11 26943
200 15 12 25788
200 15 13 25553
200 15 14 25881
200 15 15 24419
200 15 16 26330
200 15 17 26279
200 15 18 25427
200 15 19 24398
200 15 20 24634
200 15 21 24814
200 15 22 24692
200 15 23 23433
200 15 24 24312
200 15 25 24299
200 15 26 23780
200 15 27 23644
200 15 28 23955
200 15 29 23724
200 15 30 23928
200 20 1 31465
200 20 2 31527
200 20 3 30513
200 20 4 30272
200 20 5 29217
200 20 6 27588
200 20 7 28036
200 20 8 27592
200 20 9 27501
200 20 10 26858
200 20 11 26425
200 20 12 27334
200 20 13 26506
200 20 14 26214
200 20 15 25642
200 20 16 24644
200 20 17 25045
200 20 18 24820
200 20 19 24139
200 20 20 24513
200 20 21 24402
200 20 22 24700
200 20 23 25486
200 20 24 24867
200 20 25 24256
200 20 26 24485
200 20 27 24770
200 20 28 24390
200 20 29 23742
200 20 30 23121
200 25 1 31465
200 25 2 31294
200 25 3 30093
200 25 4 30049
200 25 5 28745
200 25 6 27772
200 25 7 27770
200 25 8 28219
200 25 9 27615
200 25 10 26859
200 25 11 26459
200 25 12 27362
200 25 13 26397
200 25 14 24701
200 25 15 25803
200 25 16 25980
200 25 17 26399
200 25 18 26298
200 25 19 25322
200 25 20 24225
200 25 21 23990
200 25 22 24682
200 25 23 24361
200 25 24 25118
200 25 25 24246
200 25 26 24269
200 25 27 24823
200 25 28 22649
200 25 29 24776
200 25 30 23640
200 30 1 31178
200 30 2 31527
200 30 3 30503
200 30 4 29653
200 30 5 29082
200 30 6 28132
200 30 7 27983
200 30 8 27320
200 30 9 28175
200 30 10 27463
200 30 11 27372
200 30 12 26918
200 30 13 26194
200 30 14 26146
200 30 15 26956
200 30 16 25594
200 30 17 25711
200 30 18 25681
200 30 19 24899
200 30 20 25681
200 30 21 25096
200 30 22 24297
200 30 23 25352
200 30 24 23756
200 30 25 23847
200 30 26 23488
200 30 27 24785
200 30 28 24102
200 30 29 24528
200 30 30 23540
200 35 1 31527
200 35 2 31527
200 35 3 31089
200 35 4 30373
200 35 5 30209
200 35 6 29749
200 35 7 28443
200 35 8 27470
200 35 9 28122
200 35 10 26659
200 35 11 27140
200 35 12 27333
200 35 13 26074
200 35 14 26269
200 35 15 25264
200 35 16 25680
200 35 17 26727
200 35 18 24866
200 35 19 25164
200 35 20 26918
200 35 21 23930
200 35 22 25795
200 35 23 24207
200 35 24 24250
200 35 25 23931
200 35 26 24628
200 35 27 24799
200 35 28 24179
200 35 29 23705
200 35 30 23177
200 40 1 31393
200 40 2 31527
200 40 3 30892
200 40 4 29758
200 40 5 29419
200 40 6 28906
200 40 7 28531
200 40 8 28232
200 40 9 27913
200 40 10 28594
200 40 11 26465
200 40 12 26908
200 40 13 27968
200 40 14 26101
200 40 15 26567
200 40 16 25828
200 40 17 24831
200 40 18 26321
200 40 19 25644
200 40 20 24319
200 40 21 25354
200 40 22 23904
200 40 23 24805
200 40 24 24431
200 40 25 24542
200 40 26 23940
200 40 27 23503
200 40 28 24128
200 40 29 24307
200 40 30 24048
200 45 1 31277
200 45 2 31527
200 45 3 30944
200 45 4 29968
200 45 5 29705
200 45 6 29443
200 45 7 27882
200 45 8 28604
200 45 9 27592
200 45 10 26691
200 45 11 27699
200 45 12 26721
200 45 13 25741
200 45 14 25600
200 45 15 26328
200 45 16 25826
200 45 17 25278
200 45 18 24950
200 45 19 25169
200 45 20 26020
200 45 21 26506
200 45 22 24587
200 45 23 25134
200 45 24 23776
200 45 25 23947
200 45 26 24294
200 45 27 24154
200 45 28 23273
200 45 29 23880
200 45 30 25116
200 50 1 31527
200 50 2 31527
200 50 3 30918
200 50 4 30481
200 50 5 29440
200 50 6 28679
200 50 7 29022
200 50 8 27239
200 50 9 27093
200 50 10 27325
200 50 11 26182
200 50 12 27590
200 50 13 26922
200 50 14 26380
200 50 15 27768
200 50 16 24766
200 50 17 25454
200 50 18 24978
200 50 19 26348
200 50 20 25505
200 50 21 24726
200 50 22 25003
200 50 23 25094
200 50 24 24141
200 50 25 24271
200 50 26 24446
200 50 27 25015
200 50 28 24960
200 50 29 24390
200 50 30 23082
250 5 1 30778
250 5 2 29008
250 5 3 28359
250 5 4 27572
250 5 5 27363
250 5 6 27110
250 5 7 25938
250 5 8 26458
250 5 9 26068
250 5 10 25924
250 5 11 25564
250 5 12 24442
250 5 13 25005
250 5 14 24172
250 5 15 26470
250 5 16 23347
250 5 17 23529
250 5 18 24348
250 5 19 25597
250 5 20 23385
250 5 21 23704
250 5 22 23199
250 5 23 23708
250 5 24 22727
250 5 25 23401
250 5 26 24735
250 5 27 23553
250 5 28 24265
250 5 29 24717
250 5 30 24819
250 10 1 31382
250 10 2 30892
250 10 3 29968
250 10 4 28775
250 10 5 27939
250 10 6 27122
250 10 7 28075
250 10 8 27552
250 10 9 26429
250 10 10 25685
250 10 11 26120
250 10 12 25665
250 10 13 24812
250 10 14 25594
250 10 15 24759
250 10 16 24843
250 10 17 24612
250 10 18 24249
250 10 19 23527
250 10 20 23518
250 10 21 24767
250 10 22 24810
250 10 23 23823
250 10 24 25455
250 10 25 23620
250 10 26 23160
250 10 27 23625
250 10 28 23454
250 10 29 23969
250 10 30 24076
250 15 1 31393
250 15 2 31178
250 15 3 29782
250 15 4 29832
250 15 5 27707
250 15 6 28663
250 15 7 27710
250 15 8 26746
250 15 9 26772
250 15 10 26300
250 15 11 26778
250 15 12 26109
250 15 13 24803
250 15 14 25963
250 15 15 25105
250 15 16 25340
250 15 17 25645
250 15 18 26007
250 15 19 25329
250 15 20 25227
250 15 21 25035
250 15 22 24177
250 15 23 24022
250 15 24 25538
250 15 25 24227
250 15 26 23088
250 15 27 23491
250 15 28 22969
250 15 29 23654
250 15 30 24709
250 20 1 31285
250 20 2 31527
250 20 3 30062
250 20 4 30268
250 20 5 29251
250 20 6 28272
250 20 7 27787
250 20 8 27794
250 20 9 26230
250 20 10 27312
250 20 11 26243
250 20 12 25244
250 20 13 27551
250 20 14 26065
250 20 15 27407
250 20 16 25742
250 20 17 25204
250 20 18 25353
250 20 19 24679
250 20 20 25895
250 20 21 25629
250 20 22 24677
250 20 23 24857
250 20 24 25675
250 20 25 23453
250 20 26 24159
250 20 27 23848
250 20 28 24253
250 20 29 24086
250 20 30 25092
250 25 1 31527
250 25 2 31369
250 25 3 31087
250 25 4 30615
250 25 5 29250
250 25 6 29635
250 25 7 28915
250 25 8 28985
250 25 9 26909
250 25 10 26781
250 25 11 26747
250 25 12 26324
250 25 13 26354
250 25 14 25400
250 25 15 25797
250 25 16 25132
250 25 17 26460
250 25 18 25990
250 25 19 25122
250 25 20 25733
250 25 21 23961
250 25 22 24257
250 25 23 23693
250 25 24 24063
250 25 25 26125
250 25 26 24249
250 25 27 23866
250 25 28 25424
250 25 29 24196
250 25 30 23523
250 30 1 31465
250 30 2 31465
250 30 3 30753
250 30 4 29576
250 30 5 29380
250 30 6 28719
250 30 7 28253
250 30 8 28077
250 30 9 27085
250 30 10 27103
250 30 11 26371
250 30 12 26351
250 30 13 27233
250 30 14 26934
250 30 15 26818
250 30 16 25281
250 30 17 25835
250 30 18 25516
250 30 19 24626
250 30 20 24712
250 30 21 25961
250 30 22 24027
250 30 23 24149
250 30 24 24627
250 30 25 24621
250 30 26 23840
250 30 27 24882
250 30 28 23951
250 30 29 23475
250 30 30 24702
250 35 1 31393
250 35 2 31277
250 35 3 30381
250 35 4 30763
250 35 5 29393
250 35 6 28443
250 35 7 28446
250 35 8 28129
250 35 9 26932
250 35 10 26250
250 35 11 27704
250 35 12 26873
250 35 13 26833
250 35 14 26699
250 35 15 25786
250 35 16 25149
250 35 17 26674
250 35 18 25942
250 35 19 25181
250 35 20 24237
250 35 21 26514
250 35 22 25202
250 35 23 24543
250 35 24 24164
250 35 25 24312
250 35 26 23796
250 35 27 24468
250 35 28 24774
250 35 29 23802
250 35 30 22572
250 40 1 31465
250 40 2 31527
250 40 3 31003
250 40 4 30250
250 40 5 30293
250 40 6 29257
250 40 7 27719
250 40 8 27159
250 40 9 28214
250 40 10 27042
250 40 11 26500
250 40 12 26603
250 40 13 25778
250 40 14 27571
250 40 15 27152
250 40 16 24981
250 40 17 25606
250 40 18 25464
250 40 19 25126
250 40 20 24411
250 40 21 24876
250 40 22 24026
250 40 23 24645
250 40 24 24323
250 40 25 25135
250 40 26 25412
250 40 27 25132
250 40 28 23755
250 40 29 23220
250 40 30 24628
250 45 1 31527
250 45 2 31527
250 45 3 30511
250 45 4 30302
250 45 5 29495
250 45 6 28953
250 45 7 28126
250 45 8 29000
250 45 9 28468
250 45 10 27606
250 45 11 27159
250 45 12 27179
250 45 13 25518
250 45 14 27710
250 45 15 24418
250 45 16 25826
250 45 17 25137
250 45 18 26504
250 45 19 24797
250 45 20 25860
250 45 21 25204
250 45 22 25099
250 45 23 24795
250 45 24 23479
250 45 25 24856
250 45 26 23825
250 45 27 24112
250 45 28 24832
250 45 29 24882
250 45 30 23533
250 50 1 31527
250 50 2 31465
250 50 3 30872
250 50 4 30247
250 50 5 29229
250 50 6 28635
250 50 7 28644
250 50 8 27707
250 50 9 27723
250 50 10 27272
250 50 11 27055
250 50 12 28168
250 50 13 26804
250 50 14 27328
250 50 15 25708
250 50 16 26328
250 50 17 26205
250 50 18 26741
250 50 19 25571
250 50 20 25153
250 50 21 25493
250 50 22 25421
250 50 23 25726
250 50 24 25114
250 50 25 25420
250 50 26 23914
250 50 27 23931
250 50 28 23700
250 50 29 24412
250 50 30 22751
300 5 1 31278
300 5 2 30447
300 5 3 28595
300 5 4 28104
300 5 5 27209
300 5 6 26830
300 5 7 26774
300 5 8 26305
300 5 9 25339
300 5 10 24725
300 5 11 24980
300 5 12 24185
300 5 13 25419
300 5 14 25081
300 5 15 24592
300 5 16 25198
300 5 17 23917
300 5 18 24603
300 5 19 23371
300 5 20 24870
300 5 21 23085
300 5 22 23978
300 5 23 23812
300 5 24 23582
300 5 25 23916
300 5 26 23414
300 5 27 23055
300 5 28 23489
300 5 29 23506
300 5 30 22801
300 10 1 31527
300 10 2 30616
300 10 3 30310
300 10 4 29588
300 10 5 28053
300 10 6 28058
300 10 7 25963
300 10 8 27481
300 10 9 27693
300 10 10 26278
300 10 11 26461
300 10 12 27307
300 10 13 25287
300 10 14 25649
300 10 15 25053
300 10 16 24799
300 10 17 24948
300 10 18 24524
300 10 19 25011
300 10 20 24657
300 10 21 25083
300 10 22 24117
300 10 23 23148
300 10 24 24428
300 10 25 23717
300 10 26 24231
300 10 27 23513
300 10 28 24689
300 10 29 24904
300 10 30 23243
300 15 1 31527
300 15 2 31144
300 15 3 30823
300 15 4 28863
300 15 5 28816
300 15 6 28215
300 15 7 26862
300 15 8 26579
300 15 9 26650
300 15 10 26584
300 15 11 27615
300 15 12 27787
300 15 13 26177
300 15 14 25731
300 15 15 26099
300 15 16 25715
300 15 17 24656
300 15 18 23969
300 15 19 25224
300 15 20 24227
300 15 21 25314
300 15 22 25313
300 15 23 24282
300 15 24 23534
300 15 25 25128
300 15 26 24070
300 15 27 24110
300 15 28 22519
300 15 29 23496
300 15 30 24492
300 20 1 31465
300 20 2 31465
300 20 3 30570
300 20 4 29378
300 20 5 29708
300 20 6 28749
300 20 7 28029
300 20 8 27830
300 20 9 26248
300 20 10 27075
300 20 11 26769
300 20 12 25739
300 20 13 26300
300 20 14 27182
300 20 15 26978
300 20 16 26927
300 20 17 25945
300 20 18 24304
300 20 19 24487
300 20 20 24716
300 20 21 23963
300 20 22 25005
300 20 23 24140
300 20 24 24361
300 20 25 25580
300 20 26 24670
300 20 27 23522
300 20 28 24444
300 20 29 24638
300 20 30 24410
300 25 1 31527
300 25 2 31257
300 25 3 30981
300 25 4 29756
300 25 5 28661
300 25 6 28197
300 25 7 28666
300 25 8 27854
300 25 9 26937
300 25 10 27161
300 25 11 27141
300 25 12 26433
300 25 13 25464
300 25 14 25541
300 25 15 26620
300 25 16 25271
300 25 17 26468
300 25 18 25659
300 25 19 24867
300 25 20 24957
300 25 21 24415
300 25 22 24554
300 25 23 24984
300 25 24 25550
300 25 25 25674
300 25 26 23150
300 25 27 24739
300 25 28 25008
300 25 29 23845
300 25 30 22446
300 30 1 31465
300 30 2 31393
300 30 3 30647
300 30 4 30484
300 30 5 30058
300 30 6 28659
300 30 7 28135
300 30 8 28015
300 30 9 27900
300 30 10 26907
300 30 11 26903
300 30 12 25733
300 30 13 27656
300 30 14 26506
300 30 15 27266
300 30 16 25985
300 30 17 25480
300 30 18 26928
300 30 19 25206
300 30 20 24596
300 30 21 24579
300 30 22 26726
300 30 23 24347
300 30 24 24928
300 30 25 24072
300 30 26 23806
300 30 27 24035
300 30 28 23833
300 30 29 23359
300 30 30 24180
300 35 1 31393
300 35 2 31465
300 35 3 30653
300 35 4 29458
300 35 5 29998
300 35 6 28306
300 35 7 28714
300 35 8 27727
300 35 9 29072
300 35 10 28294
300 35 11 27586
300 35 12 26691
300 35 13 25816
300 35 14 28043
300 35 15 28010
300 35 16 25222
300 35 17 25033
300 35 18 25572
300 35 19 24604
300 35 20 26798
300 35 21 25826
300 35 22 25105
300 35 23 24896
300 35 24 24734
300 35 25 24230
300 35 26 24687
300 35 27 25416
300 35 28 23882
300 35 29 24140
300 35 30 25048
300 40 1 31465
300 40 2 31285
300 40 3 30797
300 40 4 29616
300 40 5 29816
300 40 6 29760
300 40 7 29971
300 40 8 28886
300 40 9 28481
300 40 10 27704
300 40 11 27705
300 40 12 26400
300 40 13 26036
300 40 14 25567
300 40 15 25747
300 40 16 26194
300 40 17 24724
300 40 18 24910
300 40 19 25908
300 40 20 24336
300 40 21 24679
300 40 22 25095
300 40 23 24150
300 40 24 24883
300 40 25 26151
300 40 26 24703
300 40 27 25218
300 40 28 23655
300 40 29 23957
300 40 30 24012
300 45 1 31527
300 45 2 31393
300 45 3 31111
300 45 4 30887
300 45 5 29097
300 45 6 29455
300 45 7 28843
300 45 8 28474
300 45 9 27727
300 45 10 27292
300 45 11 26415
300 45 12 28234
300 45 13 27225
300 45 14 26480
300 45 15 27653
300 45 16 25828
300 45 17 26355
300 45 18 26432
300 45 19 25458
300 45 20 24787
300 45 21 25723
300 45 22 24883
300 45 23 25349
300 45 24 25218
300 45 25 25517
300 45 26 24338
300 45 27 24619
300 45 28 24685
300 45 29 24078
300 45 30 24388
300 50 1 31465
300 50 2 31465
300 50 3 31040
300 50 4 30222
300 50 5 30157
300 50 6 29952
300 50 7 28389
300 50 8 27873
300 50 9 28125
300 50 10 26938
300 50 11 27779
300 50 12 26952
300 50 13 26033
300 50 14 26294
300 50 15 26225
300 50 16 25175
300 50 17 25598
300 50 18 26953
300 50 19 25125
300 50 20 26597
300 50 21 25601
300 50 22 25522
300 50 23 26020
300 50 24 23846
300 50 25 25408
300 50 26 24035
300 50 27 24336
300 50 28 23884
300 50 29 25280
300 50 30 26639
350 5 1 31229
350 5 2 30057
350 5 3 29058
350 5 4 28205
350 5 5 27299
350 5 6 26692
350 5 7 26704
350 5 8 25414
350 5 9 25851
350 5 10 28029
350 5 11 25958
350 5 12 23853
350 5 13 25372
350 5 14 24642
350 5 15 24506
350 5 16 26130
350 5 17 26609
350 5 18 25448
350 5 19 24476
350 5 20 24422
350 5 21 23831
350 5 22 23073
350 5 23 23216
350 5 24 23284
350 5 25 23254
350 5 26 22785
350 5 27 23114
350 5 28 24820
350 5 29 24335
350 5 30 22492
350 10 1 31465
350 10 2 30522
350 10 3 29771
350 10 4 29106
350 10 5 28207
350 10 6 27505
350 10 7 27705
350 10 8 26923
350 10 9 26702
350 10 10 26293
350 10 11 25915
350 10 12 26322
350 10 13 25783
350 10 14 26005
350 10 15 26078
350 10 16 25795
350 10 17 25452
350 10 18 24925
350 10 19 24741
350 10 20 24092
350 10 21 24542
350 10 22 23162
350 10 23 24182
350 10 24 25135
350 10 25 24831
350 10 26 24727
350 10 27 24032
350 10 28 24838
350 10 29 24155
350 10 30 22196
350 15 1 31206
350 15 2 30833
350 15 3 30357
350 15 4 29324
350 15 5 28825
350 15 6 28724
350 15 7 28103
350 15 8 26451
350 15 9 26468
350 15 10 26720
350 15 11 26919
350 15 12 26846
350 15 13 26751
350 15 14 25765
350 15 15 26207
350 15 16 25413
350 15 17 26601
350 15 18 25444
350 15 19 24038
350 15 20 24153
350 15 21 24943
350 15 22 24571
350 15 23 25767
350 15 24 23559
350 15 25 23922
350 15 26 25141
350 15 27 25311
350 15 28 23587
350 15 29 24160
350 15 30 24344
350 20 1 31465
350 20 2 31346
350 20 3 30108
350 20 4 29648
350 20 5 29668
350 20 6 29365
350 20 7 28593
350 20 8 27898
350 20 9 27351
350 20 10 27035
350 20 11 26724
350 20 12 25511
350 20 13 25005
350 20 14 25455
350 20 15 25789
350 20 16 25716
350 20 17 25797
350 20 18 25610
350 20 19 24718
350 20 20 26187
350 20 21 25486
350 20 22 24432
350 20 23 24285
350 20 24 24338
350 20 25 23470
350 20 26 23628
350 20 27 24196
350 20 28 24953
350 20 29 23315
350 20 30 23489
350 25 1 31393
350 25 2 31527
350 25 3 30756
350 25 4 29972
350 25 5 29465
350 25 6 28580
350 25 7 28327
350 25 8 27004
350 25 9 27498
350 25 10 26723
350 25 11 27895
350 25 12 27045
350 25 13 26800
350 25 14 25320
350 25 15 25741
350 25 16 24852
350 25 17 25828
350 25 18 24959
350 25 19 25244
350 25 20 26010
350 25 21 24798
350 25 22 24990
350 25 23 25166
350 25 24 24048
350 25 25 25542
350 25 26 23440
350 25 27 25784
350 25 28 23445
350 25 29 24815
350 25 30 23806
350 30 1 31465
350 30 2 31527
350 30 3 30887
350 30 4 29529
350 30 5 29759
350 30 6 30093
350 30 7 28553
350 30 8 28099
350 30 9 28153
350 30 10 27271
350 30 11 28224
350 30 12 26595
350 30 13 26384
350 30 14 26816
350 30 15 26914
350 30 16 24875
350 30 17 25419
350 30 18 25518
350 30 19 25203
350 30 20 25777
350 30 21 25427
350 30 22 24227
350 30 23 24359
350 30 24 25072
350 30 25 24620
350 30 26 24795
350 30 27 25403
350 30 28 25371
350 30 29 24154
350 30 30 23112
350 35 1 31382
350 35 2 31382
350 35 3 31101
350 35 4 30168
350 35 5 29900
350 35 6 29000
350 35 7 29371
350 35 8 27897
350 35 9 27857
350 35 10 27569
350 35 11 28027
350 35 12 27042
350 35 13 26387
350 35 14 26756
350 35 15 25891
350 35 16 26639
350 35 17 27601
350 35 18 26069
350 35 19 25567
350 35 20 25884
350 35 21 25008
350 35 22 25204
350 35 23 25061
350 35 24 24800
350 35 25 25057
350 35 26 26256
350 35 27 24889
350 35 28 25098
350 35 29 24086
350 35 30 23962
350 40 1 31382
350 40 2 31338
350 40 3 31001
350 40 4 30383
350 40 5 28898
350 40 6 29569
350 40 7 28664
350 40 8 29242
350 40 9 28181
350 40 10 27656
350 40 11 27018
350 40 12 26304
350 40 13 27781
350 40 14 25954
350 40 15 25539
350 40 16 25702
350 40 17 25189
350 40 18 25982
350 40 19 24901
350 40 20 25623
350 40 21 24337
350 40 22 25671
350 40 23 24798
350 40 24 24298
350 40 25 25152
350 40 26 24672
350 40 27 23491
350 40 28 24099
350 40 29 24079
350 40 30 23815
350 45 1 31465
350 45 2 31393
350 45 3 31094
350 45 4 30626
350 45 5 29695
350 45 6 29319
350 45 7 29518
350 45 8 27704
350 45 9 28133
350 45 10 26418
350 45 11 27484
350 45 12 26307
350 45 13 26666
350 45 14 26696
350 45 15 26376
350 45 16 25653
350 45 17 24449
350 45 18 25427
350 45 19 25287
350 45 20 25317
350 45 21 25113
350 45 22 27205
350 45 23 25276
350 45 24 26665
350 45 25 24616
350 45 26 24579
350 45 27 23805
350 45 28 24412
350 45 29 24211
350 45 30 25547
350 50 1 31527
350 50 2 31393
350 50 3 31168
350 50 4 29942
350 50 5 29599
350 50 6 29676
350 50 7 28085
350 50 8 27608
350 50 9 27839
350 50 10 27207
350 50 11 26658
350 50 12 26568
350 50 13 27934
350 50 14 27759
350 50 15 26073
350 50 16 26513
350 50 17 26063
350 50 18 26271
350 50 19 25963
350 50 20 25907
350 50 21 26481
350 50 22 26125
350 50 23 25882
350 50 24 24485
350 50 25 25098
350 50 26 25357
350 50 27 24078
350 50 28 24048
350 50 29 23693
350 50 30 24102
400 5 1 30926
400 5 2 29342
400 5 3 29452
400 5 4 28364
400 5 5 27349
400 5 6 26161
400 5 7 26460
400 5 8 26707
400 5 9 26163
400 5 10 25021
400 5 11 25981
400 5 12 26198
400 5 13 25419
400 5 14 25970
400 5 15 24067
400 5 16 24204
400 5 17 24795
400 5 18 24262
400 5 19 23956
400 5 20 24391
400 5 21 24360
400 5 22 24316
400 5 23 24582
400 5 24 24166
400 5 25 23334
400 5 26 24047
400 5 27 22526
400 5 28 23645
400 5 29 23937
400 5 30 23977
400 10 1 31527
400 10 2 30656
400 10 3 29801
400 10 4 28545
400 10 5 28846
400 10 6 26762
400 10 7 28591
400 10 8 27964
400 10 9 26886
400 10 10 26027
400 10 11 26524
400 10 12 25439
400 10 13 25300
400 10 14 25131
400 10 15 25749
400 10 16 25231
400 10 17 24265
400 10 18 24194
400 10 19 25679
400 10 20 24700
400 10 21 24204
400 10 22 24410
400 10 23 24248
400 10 24 23730
400 10 25 24469
400 10 26 24589
400 10 27 24100
400 10 28 24202
400 10 29 23786
400 10 30 24233
400 15 1 31527
400 15 2 31287
400 15 3 30138
400 15 4 29458
400 15 5 29262
400 15 6 29139
400 15 7 27982
400 15 8 27415
400 15 9 27795
400 15 10 27097
400 15 11 26570
400 15 12 25967
400 15 13 25557
400 15 14 26902
400 15 15 25992
400 15 16 25853
400 15 17 25698
400 15 18 25789
400 15 19 24161
400 15 20 24636
400 15 21 24437
400 15 22 24323
400 15 23 23872
400 15 24 23601
400 15 25 24499
400 15 26 24300
400 15 27 24759
400 15 28 24454
400 15 29 26279
400 15 30 24540
400 20 1 31303
400 20 2 31402
400 20 3 30272
400 20 4 29562
400 20 5 29331
400 20 6 29129
400 20 7 29148
400 20 8 26872
400 20 9 28428
400 20 10 26711
400 20 11 27479
400 20 12 26878
400 20 13 26299
400 20 14 26406
400 20 15 26411
400 20 16 25829
400 20 17 25818
400 20 18 25526
400 20 19 24987
400 20 20 25534
400 20 21 24939
400 20 22 24051
400 20 23 25307
400 20 24 24663
400 20 25 24509
400 20 26 24407
400 20 27 25043
400 20 28 23612
400 20 29 23891
400 20 30 23300
400 25 1 31219
400 25 2 31212
400 25 3 30837
400 25 4 29893
400 25 5 29580
400 25 6 28574
400 25 7 28957
400 25 8 27429
400 25 9 27673
400 25 10 27099
400 25 11 27483
400 25 12 25747
400 25 13 25835
400 25 14 26541
400 25 15 26451
400 25 16 25850
400 25 17 26820
400 25 18 25736
400 25 19 25486
400 25 20 25235
400 25 21 24591
400 25 22 25735
400 25 23 26377
400 25 24 23778
400 25 25 24206
400 25 26 23814
400 25 27 24050
400 25 28 24261
400 25 29 23439
400 25 30 23237
400 30 1 31219
400 30 2 31285
400 30 3 30674
400 30 4 29982
400 30 5 29481
400 30 6 29323
400 30 7 28334
400 30 8 27934
400 30 9 28255
400 30 10 28338
400 30 11 27739
400 30 12 28245
400 30 13 27285
400 30 14 25273
400 30 15 26119
400 30 16 25286
400 30 17 25569
400 30 18 26178
400 30 19 25068
400 30 20 25511
400 30 21 25158
400 30 22 24929
400 30 23 24915
400 30 24 24953
400 30 25 24942
400 30 26 24858
400 30 27 25024
400 30 28 25136
400 30 29 24879
400 30 30 24224
400 35 1 31527
400 35 2 31527
400 35 3 30921
400 35 4 30060
400 35 5 30244
400 35 6 28811
400 35 7 28467
400 35 8 28887
400 35 9 27869
400 35 10 26813
400 35 11 26619
400 35 12 27871
400 35 13 26746
400 35 14 26360
400 35 15 25386
400 35 16 27205
400 35 17 25064
400 35 18 25477
400 35 19 25233
400 35 20 25883
400 35 21 26030
400 35 22 24260
400 35 23 25024
400 35 24 24672
400 35 25 23567
400 35 26 23479
400 35 27 25825
400 35 28 24903
400 35 29 23752
400 35 30 24237
400 40 1 31527
400 40 2 31527
400 40 3 30731
400 40 4 30342
400 40 5 29736
400 40 6 29328
400 40 7 28038
400 40 8 28612
400 40 9 27655
400 40 10 27372
400 40 11 27305
400 40 12 27195
400 40 13 25899
400 40 14 26456
400 40 15 26575
400 40 16 26974
400 40 17 26017
400 40 18 26060
400 40 19 26410
400 40 20 25335
400 40 21 24165
400 40 22 25610
400 40 23 24388
400 40 24 24424
400 40 25 24407
400 40 26 25766
400 40 27 24976
400 40 28 23630
400 40 29 23908
400 40 30 24168
400 45 1 31465
400 45 2 31394
400 45 3 31219
400 45 4 30403
400 45 5 29180
400 45 6 29545
400 45 7 29107
400 45 8 29348
400 45 9 28425
400 45 10 27677
400 45 11 28089
400 45 12 28020
400 45 13 25940
400 45 14 26684
400 45 15 26630
400 45 16 25744
400 45 17 26540
400 45 18 25452
400 45 19 24778
400 45 20 24263
400 45 21 24605
400 45 22 25625
400 45 23 24129
400 45 24 23952
400 45 25 23936
400 45 26 23309
400 45 27 24430
400 45 28 25675
400 45 29 24641
400 45 30 23662
400 50 1 31465
400 50 2 31369
400 50 3 31024
400 50 4 31181
400 50 5 29647
400 50 6 29379
400 50 7 29118
400 50 8 27042
400 50 9 28481
400 50 10 27843
400 50 11 26945
400 50 12 26845
400 50 13 26368
400 50 14 25651
400 50 15 26177
400 50 16 25969
400 50 17 25050
400 50 18 24881
400 50 19 24565
400 50 20 25283
400 50 21 25062
400 50 22 24485
400 50 23 24613
400 50 24 24859
400 50 25 24483
400 50 26 24770
400 50 27 25326
400 50 28 25010
400 50 29 24146
400 50 30 23772
450 5 1 30966
450 5 2 29249
450 5 3 29484
450 5 4 27335
450 5 5 28534
450 5 6 27049
450 5 7 27899
450 5 8 25442
450 5 9 26529
450 5 10 26914
450 5 11 25530
450 5 12 24578
450 5 13 24946
450 5 14 25573
450 5 15 25697
450 5 16 24056
450 5 17 25798
450 5 18 24433
450 5 19 24823
450 5 20 24400
450 5 21 25163
450 5 22 24224
450 5 23 24604
450 5 24 24695
450 5 25 23249
450 5 26 24000
450 5 27 22251
450 5 28 23662
450 5 29 23564
450 5 30 22768
450 10 1 31465
450 10 2 31152
450 10 3 29645
450 10 4 29832
450 10 5 28536
450 10 6 27560
450 10 7 27740
450 10 8 26201
450 10 9 27134
450 10 10 26525
450 10 11 26633
450 10 12 26140
450 10 13 26263
450 10 14 25549
450 10 15 25372
450 10 16 24734
450 10 17 24718
450 10 18 25269
450 10 19 25395
450 10 20 24419
450 10 21 23415
450 10 22 23949
450 10 23 24593
450 10 24 23399
450 10 25 23859
450 10 26 23950
450 10 27 24689
450 10 28 23931
450 10 29 24474
450 10 30 24695
450 15 1 31527
450 15 2 31115
450 15 3 30212
450 15 4 30563
450 15 5 29392
450 15 6 28783
450 15 7 27014
450 15 8 28460
450 15 9 27245
450 15 10 26004
450 15 11 26289
450 15 12 24965
450 15 13 25955
450 15 14 25356
450 15 15 26555
450 15 16 26394
450 15 17 26004
450 15 18 25745
450 15 19 25465
450 15 20 24806
450 15 21 25106
450 15 22 23779
450 15 23 24762
450 15 24 24702
450 15 25 23563
450 15 26 24731
450 15 27 24580
450 15 28 24366
450 15 29 23590
450 15 30 23400
450 20 1 31209
450 20 2 31343
450 20 3 30896
450 20 4 29510
450 20 5 29403
450 20 6 29160
450 20 7 28626
450 20 8 28183
450 20 9 27634
450 20 10 26948
450 20 11 26415
450 20 12 26711
450 20 13 26928
450 20 14 26313
450 20 15 26194
450 20 16 24547
450 20 17 25375
450 20 18 25800
450 20 19 26529
450 20 20 24527
450 20 21 24672
450 20 22 24701
450 20 23 25339
450 20 24 26212
450 20 25 24625
450 20 26 24816
450 20 27 24027
450 20 28 23752
450 20 29 24234
450 20 30 25851
450 25 1 31393
450 25 2 31527
450 25 3 30188
450 25 4 29698
450 25 5 28679
450 25 6 27754
450 25 7 28069
450 25 8 27824
450 25 9 27749
450 25 10 26449
450 25 11 27832
450 25 12 27249
450 25 13 27174
450 25 14 25511
450 25 15 25881
450 25 16 25706
450 25 17 26000
450 25 18 25643
450 25 19 25874
450 25 20 24897
450 25 21 24227
450 25 22 24842
450 25 23 26083
450 25 24 24166
450 25 25 23657
450 25 26 25222
450 25 27 24527
450 25 28 24216
450 25 29 23751
450 25 30 24101
450 30 1 31465
450 30 2 31465
450 30 3 30126
450 30 4 29630
450 30 5 29751
450 30 6 29005
450 30 7 29667
450 30 8 27819
450 30 9 27338
450 30 10 27484
450 30 11 26460
450 30 12 27216
450 30 13 27051
450 30 14 26260
450 30 15 26337
450 30 16 25779
450 30 17 25792
450 30 18 25318
450 30 19 24672
450 30 20 26082
450 30 21 24632
450 30 22 24583
450 30 23 25602
450 30 24 25862
450 30 25 24044
450 30 26 23658
450 30 27 24872
450 30 28 25149
450 30 29 24656
450 30 30 23549
450 35 1 31191
450 35 2 31465
450 35 3 31072
450 35 4 30653
450 35 5 29809
450 35 6 29843
450 35 7 29053
450 35 8 27490
450 35 9 27510
450 35 10 28592
450 35 11 27355
450 35 12 27471
450 35 13 26673
450 35 14 27034
450 35 15 26029
450 35 16 25817
450 35 17 26140
450 35 18 24560
450 35 19 25493
450 35 20 25165
450 35 21 25384
450 35 22 25688
450 35 23 24517
450 35 24 24427
450 35 25 24620
450 35 26 25565
450 35 27 24411
450 35 28 25318
450 35 29 25658
450 35 30 24439
450 40 1 31303
450 40 2 31465
450 40 3 30447
450 40 4 30472
450 40 5 29599
450 40 6 29538
450 40 7 29249
450 40 8 27587
450 40 9 27919
450 40 10 26959
450 40 11 27543
450 40 12 27033
450 40 13 27039
450 40 14 26317
450 40 15 25785
450 40 16 25614
450 40 17 26471
450 40 18 25079
450 40 19 25027
450 40 20 26286
450 40 21 26324
450 40 22 25106
450 40 23 25025
450 40 24 25958
450 40 25 25691
450 40 26 24679
450 40 27 25191
450 40 28 24510
450 40 29 24846
450 40 30 25204
450 45 1 31393
450 45 2 31527
450 45 3 31149
450 45 4 30320
450 45 5 29742
450 45 6 28800
450 45 7 28585
450 45 8 29191
450 45 9 27241
450 45 10 27116
450 45 11 27632
450 45 12 26160
450 45 13 27373
450 45 14 26246
450 45 15 26519
450 45 16 26234
450 45 17 26405
450 45 18 26147
450 45 19 25671
450 45 20 24971
450 45 21 24575
450 45 22 26285
450 45 23 25881
450 45 24 24789
450 45 25 25663
450 45 26 25012
450 45 27 24411
450 45 28 23753
450 45 29 23841
450 45 30 23411
450 50 1 31394
450 50 2 31527
450 50 3 30857
450 50 4 30833
450 50 5 29908
450 50 6 29306
450 50 7 29182
450 50 8 27497
450 50 9 29306
450 50 10 28018
450 50 11 27265
450 50 12 26493
450 50 13 26111
450 50 14 25594
450 50 15 26217
450 50 16 26076
450 50 17 25355
450 50 18 25269
450 50 19 24237
450 50 20 26992
450 50 21 24757
450 50 22 24615
450 50 23 24896
450 50 24 24647
450 50 25 24403
450 50 26 25345
450 50 27 25500
450 50 28 23587
450 50 29 25230
450 50 30 24318
500 5 1 31363
500 5 2 29979
500 5 3 29031
500 5 4 28053
500 5 5 26782
500 5 6 26831
500 5 7 26647
500 5 8 25929
500 5 9 25632
500 5 10 26156
500 5 11 25664
500 5 12 25378
500 5 13 24802
500 5 14 25595
500 5 15 25395
500 5 16 25394
500 5 17 23495
500 5 18 23755
500 5 19 24896
500 5 20 24150
500 5 21 23320
500 5 22 22812
500 5 23 25382
500 5 24 25168
500 5 25 23674
500 5 26 24442
500 5 27 24143
500 5 28 22425
500 5 29 24307
500 5 30 23838
500 10 1 31394
500 10 2 29768
500 10 3 29895
500 10 4 29822
500 10 5 28700
500 10 6 27684
500 10 7 27214
500 10 8 27895
500 10 9 26327
500 10 10 25709
500 10 11 26431
500 10 12 26995
500 10 13 26361
500 10 14 25226
500 10 15 25875
500 10 16 24833
500 10 17 24641
500 10 18 23958
500 10 19 24281
500 10 20 25320
500 10 21 24107
500 10 22 25314
500 10 23 24497
500 10 24 24023
500 10 25 23757
500 10 26 23337
500 10 27 24021
500 10 28 23492
500 10 29 23143
500 10 30 23918
500 15 1 31527
500 15 2 31096
500 15 3 30463
500 15 4 29542
500 15 5 29002
500 15 6 28476
500 15 7 29057
500 15 8 28143
500 15 9 26456
500 15 10 27338
500 15 11 26521
500 15 12 26818
500 15 13 24797
500 15 14 26068
500 15 15 25461
500 15 16 25479
500 15 17 26598
500 15 18 25375
500 15 19 25833
500 15 20 25462
500 15 21 25493
500 15 22 24395
500 15 23 24348
500 15 24 24481
500 15 25 25150
500 15 26 24548
500 15 27 23456
500 15 28 23477
500 15 29 24302
500 15 30 23511
500 20 1 31527
500 20 2 31527
500 20 3 30403
500 20 4 30499
500 20 5 28684
500 20 6 28845
500 20 7 27632
500 20 8 27993
500 20 9 28027
500 20 10 27173
500 20 11 26920
500 20 12 26797
500 20 13 26121
500 20 14 26206
500 20 15 25027
500 20 16 25650
500 20 17 25389
500 20 18 24650
500 20 19 26809
500 20 20 26626
500 20 21 26336
500 20 22 25928
500 20 23 25141
500 20 24 24817
500 20 25 24915
500 20 26 23356
500 20 27 24387
500 20 28 24543
500 20 29 24710
500 20 30 23011
500 25 1 31390
500 25 2 31393
500 25 3 30947
500 25 4 30316
500 25 5 29445
500 25 6 28042
500 25 7 28208
500 25 8 27245
500 25 9 27608
500 25 10 27886
500 25 11 26800
500 25 12 27020
500 25 13 26005
500 25 14 26072
500 25 15 26124
500 25 16 26689
500 25 17 25978
500 25 18 26551
500 25 19 25366
500 25 20 25121
500 25 21 24286
500 25 22 24423
500 25 23 24742
500 25 24 25267
500 25 25 24755
500 25 26 24541
500 25 27 24365
500 25 28 24353
500 25 29 24076
500 25 30 23848
500 30 1 31165
500 30 2 31527
500 30 3 30540
500 30 4 30724
500 30 5 29368
500 30 6 29024
500 30 7 28173
500 30 8 27798
500 30 9 28064
500 30 10 27824
500 30 11 26026
500 30 12 25905
500 30 13 26124
500 30 14 26445
500 30 15 27140
500 30 16 26290
500 30 17 25557
500 30 18 25086
500 30 19 26459
500 30 20 24957
500 30 21 24680
500 30 22 24389
500 30 23 24651
500 30 24 24712
500 30 25 25992
500 30 26 24508
500 30 27 25592
500 30 28 24438
500 30 29 23844
500 30 30 24880
500 35 1 31527
500 35 2 31527
500 35 3 30706
500 35 4 30371
500 35 5 30078
500 35 6 29005
500 35 7 29038
500 35 8 28128
500 35 9 27390
500 35 10 27134
500 35 11 27753
500 35 12 26885
500 35 13 26428
500 35 14 26625
500 35 15 25584
500 35 16 25447
500 35 17 25968
500 35 18 25598
500 35 19 24472
500 35 20 26243
500 35 21 24260
500 35 22 26588
500 35 23 24869
500 35 24 25930
500 35 25 25332
500 35 26 25340
500 35 27 25422
500 35 28 23740
500 35 29 25415
500 35 30 23924
500 40 1 31465
500 40 2 31465
500 40 3 30592
500 40 4 29988
500 40 5 29664
500 40 6 29103
500 40 7 29587
500 40 8 29365
500 40 9 27680
500 40 10 27437
500 40 11 27687
500 40 12 27952
500 40 13 26704
500 40 14 26089
500 40 15 26656
500 40 16 26415
500 40 17 25296
500 40 18 24743
500 40 19 25517
500 40 20 25878
500 40 21 26778
500 40 22 26112
500 40 23 25620
500 40 24 25364
500 40 25 24561
500 40 26 25245
500 40 27 23063
500 40 28 24899
500 40 29 24556
500 40 30 24139
500 45 1 31393
500 45 2 31393
500 45 3 30851
500 45 4 30004
500 45 5 29447
500 45 6 28686
500 45 7 28970
500 45 8 27988
500 45 9 29260
500 45 10 28391
500 45 11 27433
500 45 12 27326
500 45 13 26845
500 45 14 26790
500 45 15 25625
500 45 16 26359
500 45 17 25719
500 45 18 25164
500 45 19 25524
500 45 20 27034
500 45 21 25769
500 45 22 25315
500 45 23 25315
500 45 24 25256
500 45 25 25278
500 45 26 24774
500 45 27 25013
500 45 28 24410
500 45 29 24289
500 45 30 25276
500 50 1 31285
500 50 2 31382
500 50 3 30761
500 50 4 29499
500 50 5 29792
500 50 6 29510
500 50 7 29002
500 50 8 28013
500 50 9 27214
500 50 10 27216
500 50 11 29082
500 50 12 28706
500 50 13 27957
500 50 14 26326
500 50 15 26419
500 50 16 26821
500 50 17 24862
500 50 18 24911
500 50 19 26618
500 50 20 25645
500 50 21 24887
500 50 22 24382
500 50 23 24912
500 50 24 25930
500 50 25 25469
500 50 26 24803
500 50 27 25395
500 50 28 24951
500 50 29 23693
500 50 30 25177
best: popul=50 in_tour=15 mutati=1 fitness=31527
42 75 0  0 0 0 0 0 0 0 0 0 0 0 0 0 0 0 0 0 0 0 0 0 0 0 0 0 0 0 0 0 0 0 0 0 0 0 0 0 0 0 0 0 0 0 0 0 0 0 0 0 0 0 0 0 0 0 0 0 0 0 0 0 0 0 0 0 0 0 0 0 0 0 0 0 0 0
